0.499152 2
0.204963 3
0.379823 1
0.418192 0
0.303256 2
0.554533 3
0.246464 1
0.617364 0
0.245742 2
0.652700 3
0.532748 1
0.416468 0
0.547811 2
0.336426 3
0.332088 1
0.434082 0
0.351545 2
0.325924 3
0.513873 1
0.214388 0
0.470185 2
0.576343 3
0.308976 1
0.088383 0
0.526544 2
0.483386 3
0.169983 1
0.531569 0
0.498474 2
0.422177 3
0.176968 1
0.440767 0
0.580460 2
0.443130 3
0.412287 1
0.386137 0
0.516556 2
0.455632 3
0.517573 1
0.441012 0
0.189687 2
0.262869 3
0.363945 1
0.387590 0
0.344891 2
0.606168 3
0.520213 1
0.337998 0
0.132757 2
0.318036 3
0.333068 1
0.336293 0
0.384023 2
0.471508 3
0.170821 1
0.108914 0
0.305436 2
0.120674 3
0.539483 1
0.381866 0
0.237558 2
0.452611 3
0.624399 1
0.490988 0
0.331928 2
0.419619 3
0.410887 1
0.304969 0
0.485791 2
0.384928 3
0.483240 1
0.348139 0
0.508432 2
0.055078 3
0.148250 1
0.337619 0
0.527348 2
0.392925 3
0.501881 1
0.422012 0
0.454151 2
0.558842 3
0.012721 1
0.461632 0
0.478965 2
0.241681 3
0.220437 1
0.207558 0
0.418497 2
0.455379 3
0.404651 1
0.183391 0
0.074771 2
0.416942 3
0.521852 1
0.311363 0
0.446597 2
0.306821 3
0.333902 1
0.312570 0
0.252952 2
0.397235 3
0.318006 1
0.320779 0
0.552882 2
0.675178 3
0.646970 1
0.339179 0
0.541102 2
0.228200 3
0.309358 1
0.500213 0
0.507431 2
0.227355 3
0.611990 1
0.560845 0
0.407882 2
0.501956 3
0.346030 1
0.242313 0
0.420506 2
0.550295 3
0.064901 1
0.480100 0
0.537671 2
0.398988 3
0.578039 1
0.312404 0
0.414086 2
0.433148 3
0.208976 1
0.137022 0
0.476633 2
0.555550 3
0.233747 1
0.278923 0
0.527185 2
0.326362 3
0.556527 1
0.279568 0
0.327113 2
0.473095 3
0.505055 1
0.440174 0
0.478326 2
0.180760 3
0.369080 1
0.420334 0
0.334125 2
0.309981 3
0.533883 1
0.590543 0
0.433614 2
0.419450 3
0.524516 1
0.432569 0
0.342551 2
0.563385 3
0.413626 1
0.443162 0
0.657240 2
0.361828 3
0.118705 1
0.285663 0
0.256834 2
0.458346 3
0.598368 1
0.308189 0
0.288682 2
0.532096 3
0.372746 1
0.329583 0
0.279664 2
0.536677 3
0.371128 1
0.368427 0
0.198285 2
0.590778 3
0.589225 1
0.342563 0
0.272017 2
0.459543 3
0.370798 1
0.677441 0
0.570037 2
0.369637 3
0.390201 1
0.498038 0
0.514533 2
0.226710 3
0.207652 1
0.491304 0
0.267407 2
0.518334 3
0.648454 1
0.635891 0
0.587317 2
0.077266 3
0.532959 1
0.487139 0
0.498280 2
0.366394 3
0.424872 1
0.288997 0
0.557773 2
0.471974 3
0.338649 1
0.306103 0
0.519992 2
0.540639 3
0.356496 1
0.608327 0
0.604128 2
0.486043 3
0.254010 1
0.210852 0
0.505548 2
0.217962 3
0.471213 1
0.459997 0
0.398781 2
0.483962 3
0.307610 1
0.493609 0
0.282345 2
0.353852 3
0.462135 1
0.428186 0
0.303367 2
0.203559 3
0.433056 1
0.338402 0
0.070150 2
0.440621 3
0.598390 1
0.569160 0
0.436211 2
0.316213 3
0.373456 1
0.373729 0
0.642854 2
0.554846 3
0.401317 1
0.538690 0
0.461241 2
0.559170 3
0.071042 1
0.623093 0
0.328435 2
0.401086 3
0.486874 1
0.397055 0
0.490127 2
0.504787 3
0.230332 1
0.247696 0
0.308478 2
0.314904 3
0.440614 1
0.615354 0
0.252666 2
0.135474 3
0.483022 1
0.280276 0
0.557066 2
0.133845 3
0.489804 1
0.046413 0
0.528043 2
0.621898 3
0.195849 1
0.073830 0
0.469937 2
0.639095 3
0.070357 1
0.648872 0
0.229798 2
0.219825 3
0.352073 1
0.367937 0
0.426532 2
0.480247 3
0.415948 1
0.288306 0
0.432594 2
0.376157 3
0.530025 1
0.472479 0
0.375311 2
0.478583 3
0.348483 1
0.456193 0
0.540592 2
0.405087 3
0.337305 1
0.438833 0
0.464514 2
0.319947 3
0.544538 1
0.128615 0
0.126113 2
0.623971 3
0.291612 1
0.423384 0
0.237314 2
0.598389 3
0.115699 1
0.030269 0
0.416788 2
0.479938 3
0.358586 1
0.269009 0
0.368573 2
0.452744 3
0.523965 1
0.474804 0
0.529240 2
0.523423 3
0.420174 1
0.025167 0
0.419556 2
0.107503 3
0.294670 1
0.344243 0
0.275272 2
0.159358 3
0.452301 1
0.676144 0
0.257850 2
0.440596 3
0.450715 1
0.349614 0
0.352926 2
0.330877 3
0.481788 1
0.164781 0
0.556477 2
0.505234 3
0.259886 1
0.494799 0
0.467811 2
0.549230 3
0.315900 1
0.270979 0
0.460912 2
0.265471 3
0.385793 1
0.480727 0
0.391073 2
0.296043 3
0.299758 1
0.045275 0
0.197324 2
0.226900 3
0.090906 1
0.119979 0
0.307829 2
0.348471 3
0.393595 1
0.387229 0
0.132639 2
0.665804 3
0.611692 1
0.505096 0
0.567725 2
0.549472 3
0.495900 1
0.603307 0
0.123136 2
0.519786 3
0.583595 1
0.155962 0
0.501852 2
0.531795 3
0.086402 1
0.286179 0
0.167513 2
0.290616 3
0.595228 1
0.504182 0
0.481606 2
0.579242 3
0.175062 1
0.436598 0
0.277578 2
0.489881 3
0.259207 1
0.251238 0
0.128263 2
0.282776 3
0.407185 1
0.330738 0
0.325043 2
0.467528 3
0.207049 1
0.457264 0
0.268004 2
0.372742 3
0.551765 1
0.245585 0
0.507698 2
0.340818 3
0.562227 1
0.260755 0
0.503352 2
0.670196 3
0.359729 1
0.372129 0
0.471795 2
0.438055 3
0.514386 1
0.553496 0
0.499184 2
0.438360 3
0.501795 1
0.310943 0
0.461324 2
0.441856 3
0.492171 1
0.364813 0
0.453999 2
0.532796 3
0.121281 1
0.337537 0
0.191306 2
0.244754 3
0.341443 1
0.475177 0
0.349709 2
0.485718 3
0.445892 1
0.586062 0
0.638133 2
0.247334 3
0.448656 1
0.464059 0
0.522016 2
0.311600 3
0.465833 1
0.365289 0
0.499840 2
0.367975 3
0.457083 1
0.331772 0
0.456764 2
0.535040 3
0.578098 1
0.498457 0
0.212648 2
0.352058 3
0.407248 1
0.424513 0
0.445124 2
0.210799 3
0.311040 1
0.306935 0
0.467510 2
0.307019 3
0.452217 1
0.215515 0
0.139176 2
0.525006 3
0.388758 1
0.054275 0
0.245377 2
0.358445 3
0.275507 1
0.132341 0
0.492209 2
0.596828 3
0.425452 1
0.269173 0
0.550919 2
0.280469 3
0.421177 1
0.468407 0
0.223141 2
0.426652 3
0.281768 1
0.248629 0
0.230662 2
0.495350 3
0.138559 1
0.206389 0
0.112522 2
0.459751 3
0.459849 1
0.521838 0
0.475369 2
0.547802 3
0.360635 1
0.536282 0
0.332113 2
0.511652 3
0.329680 1
0.511478 0
0.459549 2
0.456060 3
0.471926 1
0.595733 0
0.488289 2
0.512377 3
0.597940 1
0.489449 0
0.522118 2
0.103735 3
0.119605 1
0.347159 0
0.583273 2
0.185252 3
0.266823 1
0.085866 0
0.259144 2
0.649725 3
0.382780 1
0.513732 0
0.329049 2
0.338580 3
0.457698 1
0.452089 0
0.263503 2
0.454286 3
0.233412 1
0.420229 0
0.633171 2
0.380063 3
0.448945 1
0.465667 0
0.616245 2
0.487904 3
0.428583 1
0.125252 0
0.266906 2
0.436729 3
0.450756 1
0.536843 0
0.178695 2
0.614931 3
0.077832 1
0.173258 0
0.315782 2
0.235183 3
0.475708 1
0.459598 0
0.383519 2
0.265344 3
0.402243 1
0.458552 0
0.313435 2
0.510837 3
0.235077 1
0.275795 0
0.498715 2
0.633300 3
0.464680 1
0.205095 0
0.461852 2
0.536634 3
0.516677 1
0.496939 0
0.353187 2
0.405809 3
0.393008 1
0.085836 0
0.546637 2
0.475007 3
0.195132 1
0.311027 0
0.056847 2
0.178559 3
0.111898 1
0.348577 0
0.113485 2
0.250959 3
0.485633 1
0.496244 0
0.415262 2
0.487743 3
0.196841 1
0.310831 0
0.481810 2
0.576007 3
0.339501 1
0.314364 0
0.238409 2
0.367976 3
0.487354 1
0.145811 0
0.167453 2
0.278648 3
0.631931 1
0.314837 0
0.486310 2
0.276634 3
0.482961 1
0.399763 0
0.250762 2
0.521593 3
0.338978 1
0.449278 0
0.441568 2
0.294336 3
0.369559 1
0.386945 0
0.451699 2
0.429232 3
0.181268 1
0.404610 0
0.192505 2
0.587462 3
0.312999 1
0.158283 0
0.588195 2
0.509582 3
0.572374 1
0.479991 0
0.301283 2
0.384465 3
0.381730 1
0.425297 0
0.448462 2
0.511946 3
0.296961 1
0.368878 0
0.637495 2
0.278741 3
0.368145 1
0.400659 0
0.428054 2
0.503390 3
0.453851 1
0.346876 0
0.230838 2
0.411264 3
0.454400 1
0.223847 0
0.329366 2
0.475462 3
0.244316 1
0.349589 0
0.495139 2
0.434756 3
0.458527 1
0.192919 0
0.189148 2
0.540110 3
0.424760 1
0.458800 0
0.171924 2
0.391315 3
0.157864 1
0.490392 0
0.549159 2
0.464548 3
0.259891 1
0.549368 0
0.435047 2
0.515819 3
0.445959 1
0.016863 0
0.416721 2
0.211775 3
0.392128 1
0.503012 0
0.538963 2
0.390316 3
0.221311 1
0.328190 0
0.397653 2
0.302488 3
0.341793 1
0.136069 0
0.304370 2
0.326185 3
0.575749 1
0.535776 0
0.263050 2
0.447343 3
0.389448 1
0.363620 0
0.615481 2
0.437478 3
0.269783 1
0.308909 0
0.084381 2
0.449514 3
0.471775 1
0.386367 0
0.347196 2
0.304138 3
0.111638 1
0.357255 0
0.452661 2
0.451875 3
0.466006 1
0.596213 0
0.372383 2
0.561342 3
0.405163 1
0.400261 0
0.369089 2
0.527644 3
0.494298 1
0.353155 0
0.268287 2
0.396953 3
0.491136 1
0.307379 0
0.236081 2
0.422197 3
0.395622 1
0.086136 0
0.303660 2
0.630001 3
0.478972 1
0.370494 0
0.202585 2
0.225779 3
0.394332 1
0.510632 0
0.256931 2
0.214160 3
0.378505 1
0.595699 0
0.536640 2
0.544361 3
0.472384 1
0.513153 0
0.452969 2
0.499620 3
0.306543 1
0.538351 0
0.391924 2
0.106544 3
0.386682 1
0.590274 0
0.491299 2
0.390802 3
0.469987 1
0.172764 0
0.417493 2
0.155771 3
0.488028 1
0.315735 0
0.382978 2
0.202507 3
0.508300 1
0.317036 0
0.345704 2
0.130627 3
0.601995 1
0.310362 0
0.388500 2
0.384749 3
0.274641 1
0.047298 0
0.334062 2
0.344645 3
0.307870 1
0.173619 0
0.390514 2
0.155198 3
0.306057 1
0.456833 0
0.223071 2
0.392060 3
0.144943 1
0.472761 0
0.386553 2
0.190705 3
0.419911 1
0.179722 0
0.635309 2
0.315256 3
0.115876 1
0.384261 0
0.397220 2
0.082884 3
0.432674 1
0.495950 0
0.534625 2
0.174656 3
0.270399 1
0.413492 0
0.390755 2
0.108223 3
0.505253 1
0.134758 0
0.597840 2
0.421834 3
0.567197 1
0.410479 0
0.174120 2
0.438095 3
0.102058 1
0.642166 0
0.306211 2
0.425563 3
0.135658 1
0.362204 0
0.252197 2
0.540798 3
0.249984 1
0.480846 0
0.556500 2
0.549697 3
0.251291 1
0.390605 0
0.573257 2
0.263169 3
0.307812 1
0.562520 0
0.498044 2
0.667186 3
0.296254 1
0.383425 0
0.568448 2
0.448812 3
0.213498 1
0.196498 0
0.227985 2
0.614592 3
0.534819 1
0.105285 0
0.481841 2
0.411548 3
0.665664 1
0.231323 0
0.253912 2
0.273505 3
0.421161 1
0.435130 0
0.315685 2
0.220723 3
0.351319 1
0.208543 0
0.220210 2
0.173740 3
0.535298 1
0.518459 0
0.501683 2
0.508163 3
0.438078 1
0.386422 0
0.540716 2
0.150884 3
0.509423 1
0.479414 0
0.646370 2
0.481640 3
0.536916 1
0.131165 0
0.212971 2
0.468744 3
0.513745 1
0.366646 0
0.522724 2
0.190442 3
0.449580 1
0.168673 0
0.431533 2
0.365648 3
0.368905 1
0.453881 0
0.478926 2
0.488075 3
0.280905 1
0.351582 0
0.451192 2
0.481948 3
0.107246 1
0.529997 0
0.220199 2
0.178109 3
0.263736 1
0.495616 0
0.370698 2
0.419190 3
0.379505 1
0.633737 0
0.385133 2
0.109356 3
0.578295 1
0.650124 0
0.391048 2
0.578902 3
0.131325 1
0.496916 0
0.490731 2
0.173569 3
0.492714 1
0.232747 0
0.452733 2
0.287455 3
0.557285 1
0.494865 0
0.198795 2
0.301056 3
0.252304 1
0.418863 0
0.335273 2
0.524689 3
0.480151 1
0.412249 0
0.480103 2
0.524484 3
0.645867 1
0.305721 0
0.395196 2
0.330423 3
0.435582 1
0.169905 0
0.444764 2
0.115272 3
0.577910 1
0.321225 0
0.265689 2
0.409188 3
0.384607 1
0.374972 0
0.574932 2
0.533265 3
0.328303 1
0.166490 0
0.441000 2
0.488588 3
0.352854 1
0.475716 0
0.082459 2
0.308271 3
0.464606 1
0.307768 0
0.477785 2
0.262887 3
0.388281 1
0.207651 0
0.542940 2
0.566329 3
0.362824 1
0.587886 0
0.268032 2
0.064683 3
0.582480 1
0.364873 0
0.331339 2
0.467656 3
0.361398 1
0.450115 0
0.283785 2
0.332998 3
0.370216 1
0.439772 0
0.553591 2
0.554023 3
0.190123 1
0.382707 0
0.150730 2
0.439262 3
0.266618 1
0.527215 0
0.511894 2
0.492542 3
0.431884 1
0.363284 0
0.427832 2
0.183502 3
0.456832 1
0.291234 0
0.472994 2
0.254615 3
0.239502 1
0.316906 0
0.419058 2
0.056732 3
0.360567 1
0.491097 0
0.507451 2
0.409157 3
0.357177 1
0.276833 0
0.226995 2
0.137951 3
0.302142 1
0.192752 0
0.236572 2
0.232720 3
0.190449 1
0.110512 0
0.465462 2
0.433706 3
0.449021 1
0.508972 0
0.151333 2
0.322912 3
0.118276 1
0.409212 0
0.018551 2
0.243370 3
0.223887 1
0.489993 0
0.420449 2
0.338279 3
0.432556 1
0.365910 0
0.239482 2
0.506932 3
0.332784 1
0.468312 0
0.251264 2
0.341700 3
0.280597 1
0.342263 0
0.624116 2
0.429232 3
0.167925 1
0.292358 0
0.168339 2
0.054658 3
0.192606 1
0.148162 0
0.419708 2
0.294381 3
0.266496 1
0.530845 0